1 10 20
10 1 20
100 200 125
200 100 125
201 210 89
210 201 89
900 1000 174
1000 900 174
1234 12345 268
1 1 1
83 1007 179
512 256 144
999999 900000 507
1 999999 525
999999 1 525
57 88 116
13 13 10
13 131313 354
12345 123456 354
123456 1 354
5000 300013 443
8888 9999 260
1111 11111 268
1337 1337 45
980 275 179
888888 999999 507
4321 54321 340
12345 54321 340
87 78 111
830326 841120 525
491094 137791 449
154025 743261 509
136787 987169 525
739506 334416 509
697922 233506 509
877292 815166 525
399248 661962 509
285634 390384 441
662279 295182 509
116490 261618 443
446700 755734 509
842634 911753 476
401762 315403 441
947573 741339 525
179087 268780 443
388729 877879 525
567302 282288 470
394328 439739 449
179523 41153 383
81122 801998 509
206473 450264 449
678582 968446 525
223321 527575 470
280761 102830 443
295266 324850 384
455430 2399 449
255619 79463 443
65552 16088 340
429607 34563 449
28301 904498 525
809903 554104 509
778986 609621 509
925853 789151 525
385146 344018 441
365190 960320 525
170567 601176 470
167525 677388 509
687644 224515 509
200172 941311 525
671306 724505 504
416515 156140 449
816926 108498 509
479942 805885 509
231647 290978 407
352855 574385 470
201776 134122 383
344054 148393 443
260848 402239 441
19778 19595 243
987835 894964 507
181855 900132 525
560933 182440 470
104341 296152 443
720155 289619 509
278113 66079 443
965229 791198 525
868059 807788 525
825175 253432 509
17075 356 276
170227 317350 443
526821 923877 525
408525 990712 525
903753 503785 525
394666 922372 525
575919 825844 509
443114 856690 525
564650 433503 470
22411 53707 340
988557 995042 365
799830 364730 509
824413 980739 525
689467 623232 509
657411 506550 509
772260 164254 509
277408 325383 389
673637 191042 509
250451 842507 525
231562 265875 407
85893 8716 351
578914 911898 525
729426 642394 504
816718 489470 509
708884 525561 509
341314 732075 509
291580 604806 470
480967 350681 449
722523 571012 509
593932 337385 470
313596 821855 509
412558 27723 449
730824 514959 509
190535 662557 509
250444 415046 449
546438 441682 470
883729 522990 525
715104 748135 424
290124 394295 441
115955 609571 470
780333 725587 468
900896 130548 525
795957 632301 504
944486 557563 525
797702 65860 509
455019 131518 449
141711 300356 443
554112 490671 470
662317 565374 509
33199 497106 449
591663 960315 525
912906 369203 525
121774 158006 383
526129 369148 470
535759 779875 509
59524 538903 470
911498 170705 525
481466 575909 470
505697 416608 444
884201 36785 525
504162 740214 509
915565 308540 525
364730 799830 509
980739 824413 525
623232 689467 509
506550 657411 509
164254 772260 509
325383 277408 389
191042 673637 509
842507 250451 525
265875 231562 407
8716 85893 351
911898 578914 525
642394 729426 504
489470 816718 509
525561 708884 509
732075 341314 509
604806 291580 470
350681 480967 449
571012 722523 509
337385 593932 470
821855 313596 509
27723 412558 449
514959 730824 509
662557 190535 509
415046 250444 449
441682 546438 470
522990 883729 525
748135 715104 424
394295 290124 441
609571 115955 470
725587 780333 468
130548 900896 525
632301 795957 504
557563 944486 525
65860 797702 509
131518 455019 449
300356 141711 443
490671 554112 470
565374 662317 509
497106 33199 449
960315 591663 525
369203 912906 525
158006 121774 383
369148 526129 470
779875 535759 509
538903 59524 470
170705 911498 525
575909 481466 470
416608 505697 444
36785 884201 525
740214 504162 509
308540 915565 525
